1111111111111111111111111111111111
1 3          12         22       1
1            12                  1
1                            22  1
1        211111              11  1
1        221111                  1
12112                 12         1
12112                 12         1
1              211               1
1              211               1
1  2                      211    1
1  2       222            211    1
1222       222                   1
15 2              122111         1
11111111          122111         1
1                                1
1                                1
1     2222                11111111
1      111                  2   51
1              21           1    1
1              21           112221
1   11111                        1
1   11111          111222        1
1                  111222        1
1                                1
1    11                   22222111
1    22                   22222111
1                                1
1          1112222             4 1
1111111111111111111111111111111111